PopName,Area,Year,Month,Deaths
USA,01,1959,1,141001
USA,01,1959,2,127356
USA,01,1959,3,141001
USA,01,1959,4,136452
USA,01,1959,5,141001
USA,01,1959,6,136452
USA,01,1959,7,141001
USA,01,1959,8,141001
USA,01,1959,9,136452
USA,01,1959,10,141001
USA,01,1959,11,136452
USA,01,1959,12,141001
USA,01,1960,1,145004
USA,01,1960,2,135649
USA,01,1960,3,145004
USA,01,1960,4,140326
USA,01,1960,5,145004
USA,01,1960,6,140326
USA,01,1960,7,145004
USA,01,1960,8,145004
USA,01,1960,9,140326
USA,01,1960,10,145004
USA,01,1960,11,140326
USA,01,1960,12,145004
USA,01,1961,1,144513
USA,01,1961,2,130528
USA,01,1961,3,144513
USA,01,1961,4,139851
USA,01,1961,5,144513
USA,01,1961,6,139851
USA,01,1961,7,144513
USA,01,1961,8,144513
USA,01,1961,9,139851
USA,01,1961,10,144513
USA,01,1961,11,139851
USA,01,1961,12,144513
USA,01,1962,1,149201
USA,01,1962,2,134762
USA,01,1962,3,149201
USA,01,1962,4,144388
USA,01,1962,5,149201
USA,01,1962,6,144388
USA,01,1962,7,149201
USA,01,1962,8,149201
USA,01,1962,9,144388
USA,01,1962,10,149201
USA,01,1962,11,144388
USA,01,1962,12,149201
USA,01,1963,1,154027
USA,01,1963,2,139122
USA,01,1963,3,154027
USA,01,1963,4,149059
USA,01,1963,5,154027
USA,01,1963,6,149059
USA,01,1963,7,154027
USA,01,1963,8,154027
USA,01,1963,9,149059
USA,01,1963,10,154027
USA,01,1963,11,149059
USA,01,1963,12,154027
USA,01,1964,1,152294
USA,01,1964,2,142469
USA,01,1964,3,152294
USA,01,1964,4,147381
USA,01,1964,5,152294
USA,01,1964,6,147381
USA,01,1964,7,152294
USA,01,1964,8,152294
USA,01,1964,9,147381
USA,01,1964,10,152294
USA,01,1964,11,147381
USA,01,1964,12,152294
USA,01,1965,1,155266
USA,01,1965,2,140241
USA,01,1965,3,155266
USA,01,1965,4,150258
USA,01,1965,5,155266
USA,01,1965,6,150258
USA,01,1965,7,155266
USA,01,1965,8,155266
USA,01,1965,9,150258
USA,01,1965,10,155266
USA,01,1965,11,150258
USA,01,1965,12,155266
USA,01,1966,1,158240
USA,01,1966,2,142926
USA,01,1966,3,158240
USA,01,1966,4,153136
USA,01,1966,5,158240
USA,01,1966,6,153136
USA,01,1966,7,158240
USA,01,1966,8,158240
USA,01,1966,9,153136
USA,01,1966,10,158240
USA,01,1966,11,153136
USA,01,1966,12,158240
USA,01,1967,1,157236
USA,01,1967,2,142019
USA,01,1967,3,157236
USA,01,1967,4,152164
USA,01,1967,5,157236
USA,01,1967,6,152164
USA,01,1967,7,157236
USA,01,1967,8,157236
USA,01,1967,9,152164
USA,01,1967,10,157236
USA,01,1967,11,152164
USA,01,1967,12,157236
USA,01,1968,1,163477
USA,01,1968,2,152930
USA,01,1968,3,163477
USA,01,1968,4,158203
USA,01,1968,5,163477
USA,01,1968,6,158203
USA,01,1968,7,163477
USA,01,1968,8,163477
USA,01,1968,9,158203
USA,01,1968,10,163477
USA,01,1968,11,158203
USA,01,1968,12,163477
USA,01,1969,1,163238
USA,01,1969,2,147440
USA,01,1969,3,163238
USA,01,1969,4,157972
USA,01,1969,5,163238
USA,01,1969,6,157972
USA,01,1969,7,163238
USA,01,1969,8,163238
USA,01,1969,9,157972
USA,01,1969,10,163238
USA,01,1969,11,157972
USA,01,1969,12,163238
USA,01,1970,1,163156
USA,01,1970,2,147367
USA,01,1970,3,163156
USA,01,1970,4,157893
USA,01,1970,5,163156
USA,01,1970,6,157893
USA,01,1970,7,163156
USA,01,1970,8,163156
USA,01,1970,9,157893
USA,01,1970,10,163156
USA,01,1970,11,157893
USA,01,1970,12,163156
USA,01,1971,1,163709
USA,01,1971,2,147866
USA,01,1971,3,163709
USA,01,1971,4,158428
USA,01,1971,5,163709
USA,01,1971,6,158428
USA,01,1971,7,163709
USA,01,1971,8,163709
USA,01,1971,9,158428
USA,01,1971,10,163709
USA,01,1971,11,158428
USA,01,1971,12,163709
USA,01,1972,1,166345
USA,01,1972,2,155613
USA,01,1972,3,166345
USA,01,1972,4,160979
USA,01,1972,5,166345
USA,01,1972,6,160979
USA,01,1972,7,166345
USA,01,1972,8,166345
USA,01,1972,9,160979
USA,01,1972,10,166345
USA,01,1972,11,160979
USA,01,1972,12,166345
USA,01,1973,1,167570
USA,01,1973,2,151354
USA,01,1973,3,167570
USA,01,1973,4,162165
USA,01,1973,5,167570
USA,01,1973,6,162165
USA,01,1973,7,167570
USA,01,1973,8,167570
USA,01,1973,9,162165
USA,01,1973,10,167570
USA,01,1973,11,162165
USA,01,1973,12,167570
USA,01,1974,1,164290
USA,01,1974,2,148391
USA,01,1974,3,164290
USA,01,1974,4,158991
USA,01,1974,5,164290
USA,01,1974,6,158991
USA,01,1974,7,164290
USA,01,1974,8,164290
USA,01,1974,9,158991
USA,01,1974,10,164290
USA,01,1974,11,158991
USA,01,1974,12,164290
USA,01,1975,1,160765
USA,01,1975,2,145207
USA,01,1975,3,160765
USA,01,1975,4,155579
USA,01,1975,5,160765
USA,01,1975,6,155579
USA,01,1975,7,160765
USA,01,1975,8,160765
USA,01,1975,9,155579
USA,01,1975,10,160765
USA,01,1975,11,155579
USA,01,1975,12,160765
USA,01,1976,1,161729
USA,01,1976,2,151294
USA,01,1976,3,161729
USA,01,1976,4,156511
USA,01,1976,5,161729
USA,01,1976,6,156511
USA,01,1976,7,161729
USA,01,1976,8,161729
USA,01,1976,9,156511
USA,01,1976,10,161729
USA,01,1976,11,156511
USA,01,1976,12,161729
USA,01,1977,1,161336
USA,01,1977,2,145723
USA,01,1977,3,161336
USA,01,1977,4,156131
USA,01,1977,5,161336
USA,01,1977,6,156131
USA,01,1977,7,161336
USA,01,1977,8,161336
USA,01,1977,9,156131
USA,01,1977,10,161336
USA,01,1977,11,156131
USA,01,1977,12,161336
USA,01,1978,1,163730
USA,01,1978,2,147885
USA,01,1978,3,163730
USA,01,1978,4,158448
USA,01,1978,5,163730
USA,01,1978,6,158448
USA,01,1978,7,163730
USA,01,1978,8,163730
USA,01,1978,9,158448
USA,01,1978,10,163730
USA,01,1978,11,158448
USA,01,1978,12,163730
USA,01,1979,1,162545
USA,01,1979,2,146815
USA,01,1979,3,162545
USA,01,1979,4,157302
USA,01,1979,5,162545
USA,01,1979,6,157302
USA,01,1979,7,162545
USA,01,1979,8,162545
USA,01,1979,9,157302
USA,01,1979,10,162545
USA,01,1979,11,157302
USA,01,1979,12,162545
USA,01,1980,1,168538
USA,01,1980,2,157665
USA,01,1980,3,168538
USA,01,1980,4,163102
USA,01,1980,5,168538
USA,01,1980,6,163102
USA,01,1980,7,168538
USA,01,1980,8,168538
USA,01,1980,9,163102
USA,01,1980,10,168538
USA,01,1980,11,163102
USA,01,1980,12,168538
USA,01,1981,1,167993
USA,01,1981,2,151736
USA,01,1981,3,167993
USA,01,1981,4,162574
USA,01,1981,5,167993
USA,01,1981,6,162574
USA,01,1981,7,167993
USA,01,1981,8,167993
USA,01,1981,9,162574
USA,01,1981,10,167993
USA,01,1981,11,162574
USA,01,1981,12,167993
USA,01,1982,1,167722
USA,01,1982,2,151491
USA,01,1982,3,167722
USA,01,1982,4,162312
USA,01,1982,5,167722
USA,01,1982,6,162312
USA,01,1982,7,167722
USA,01,1982,8,167722
USA,01,1982,9,162312
USA,01,1982,10,167722
USA,01,1982,11,162312
USA,01,1982,12,167722
USA,01,1983,1,171494
USA,01,1983,2,154898
USA,01,1983,3,171494
USA,01,1983,4,165962
USA,01,1983,5,171494
USA,01,1983,6,165962
USA,01,1983,7,171494
USA,01,1983,8,171494
USA,01,1983,9,165962
USA,01,1983,10,171494
USA,01,1983,11,165962
USA,01,1983,12,171494
USA,01,1984,1,172733
USA,01,1984,2,161589
USA,01,1984,3,172733
USA,01,1984,4,167161
USA,01,1984,5,172733
USA,01,1984,6,167161
USA,01,1984,7,172733
USA,01,1984,8,172733
USA,01,1984,9,167161
USA,01,1984,10,172733
USA,01,1984,11,167161
USA,01,1984,12,172733
USA,01,1985,1,177204
USA,01,1985,2,160056
USA,01,1985,3,177204
USA,01,1985,4,171488
USA,01,1985,5,177204
USA,01,1985,6,171488
USA,01,1985,7,177204
USA,01,1985,8,177204
USA,01,1985,9,171488
USA,01,1985,10,177204
USA,01,1985,11,171488
USA,01,1985,12,177204
USA,01,1986,1,178811
USA,01,1986,2,161507
USA,01,1986,3,178811
USA,01,1986,4,173043
USA,01,1986,5,178811
USA,01,1986,6,173043
USA,01,1986,7,178811
USA,01,1986,8,178811
USA,01,1986,9,173043
USA,01,1986,10,178811
USA,01,1986,11,173043
USA,01,1986,12,178811
USA,01,1987,1,180337
USA,01,1987,2,162885
USA,01,1987,3,180337
USA,01,1987,4,174520
USA,01,1987,5,180337
USA,01,1987,6,174520
USA,01,1987,7,180337
USA,01,1987,8,180337
USA,01,1987,9,174520
USA,01,1987,10,180337
USA,01,1987,11,174520
USA,01,1987,12,180337
USA,01,1988,1,183628
USA,01,1988,2,171781
USA,01,1988,3,183628
USA,01,1988,4,177705
USA,01,1988,5,183628
USA,01,1988,6,177705
USA,01,1988,7,183628
USA,01,1988,8,183628
USA,01,1988,9,177705
USA,01,1988,10,183628
USA,01,1988,11,177705
USA,01,1988,12,183628
USA,01,1989,1,182642
USA,01,1989,2,164967
USA,01,1989,3,182642
USA,01,1989,4,176751
USA,01,1989,5,182642
USA,01,1989,6,176751
USA,01,1989,7,182642
USA,01,1989,8,182642
USA,01,1989,9,176751
USA,01,1989,10,182642
USA,01,1989,11,176751
USA,01,1989,12,182642
USA,01,1990,1,182472
USA,01,1990,2,164814
USA,01,1990,3,182472
USA,01,1990,4,176586
USA,01,1990,5,182472
USA,01,1990,6,176586
USA,01,1990,7,182472
USA,01,1990,8,182472
USA,01,1990,9,176586
USA,01,1990,10,182472
USA,01,1990,11,176586
USA,01,1990,12,182472
USA,01,1991,1,184260
USA,01,1991,2,166429
USA,01,1991,3,184260
USA,01,1991,4,178317
USA,01,1991,5,184260
USA,01,1991,6,178317
USA,01,1991,7,184260
USA,01,1991,8,184260
USA,01,1991,9,178317
USA,01,1991,10,184260
USA,01,1991,11,178317
USA,01,1991,12,184260
USA,01,1992,1,184273
USA,01,1992,2,172385
USA,01,1992,3,184273
USA,01,1992,4,178329
USA,01,1992,5,184273
USA,01,1992,6,178329
USA,01,1992,7,184273
USA,01,1992,8,184273
USA,01,1992,9,178329
USA,01,1992,10,184273
USA,01,1992,11,178329
USA,01,1992,12,184273
USA,01,1993,1,192672
USA,01,1993,2,174026
USA,01,1993,3,192672
USA,01,1993,4,186456
USA,01,1993,5,192672
USA,01,1993,6,186456
USA,01,1993,7,192672
USA,01,1993,8,192672
USA,01,1993,9,186456
USA,01,1993,10,192672
USA,01,1993,11,186456
USA,01,1993,12,192672
USA,01,1994,1,193558
USA,01,1994,2,174827
USA,01,1994,3,193558
USA,01,1994,4,187315
USA,01,1994,5,193558
USA,01,1994,6,187315
USA,01,1994,7,193558
USA,01,1994,8,193558
USA,01,1994,9,187315
USA,01,1994,10,193558
USA,01,1994,11,187315
USA,01,1994,12,193558
USA,01,1995,1,196373
USA,01,1995,2,177369
USA,01,1995,3,196373
USA,01,1995,4,190038
USA,01,1995,5,196373
USA,01,1995,6,190038
USA,01,1995,7,196373
USA,01,1995,8,196373
USA,01,1995,9,190038
USA,01,1995,10,196373
USA,01,1995,11,190038
USA,01,1995,12,196373
USA,01,1996,1,196053
USA,01,1996,2,183404
USA,01,1996,3,196053
USA,01,1996,4,189729
USA,01,1996,5,196053
USA,01,1996,6,189729
USA,01,1996,7,196053
USA,01,1996,8,196053
USA,01,1996,9,189729
USA,01,1996,10,196053
USA,01,1996,11,189729
USA,01,1996,12,196053
USA,01,1997,1,196552
USA,01,1997,2,177531
USA,01,1997,3,196552
USA,01,1997,4,190212
USA,01,1997,5,196552
USA,01,1997,6,190212
USA,01,1997,7,196552
USA,01,1997,8,196552
USA,01,1997,9,190212
USA,01,1997,10,196552
USA,01,1997,11,190212
USA,01,1997,12,196552
USA,01,1998,1,198507
USA,01,1998,2,179296
USA,01,1998,3,198507
USA,01,1998,4,192103
USA,01,1998,5,198507
USA,01,1998,6,192103
USA,01,1998,7,198507
USA,01,1998,8,198507
USA,01,1998,9,192103
USA,01,1998,10,198507
USA,01,1998,11,192103
USA,01,1998,12,198507
USA,01,1999,1,203105
USA,01,1999,2,183450
USA,01,1999,3,203105
USA,01,1999,4,196553
USA,01,1999,5,203105
USA,01,1999,6,196553
USA,01,1999,7,203105
USA,01,1999,8,203105
USA,01,1999,9,196553
USA,01,1999,10,203105
USA,01,1999,11,196553
USA,01,1999,12,203105
USA,01,2000,1,203563
USA,01,2000,2,190429
USA,01,2000,3,203563
USA,01,2000,4,196996
USA,01,2000,5,203563
USA,01,2000,6,196996
USA,01,2000,7,203563
USA,01,2000,8,203563
USA,01,2000,9,196996
USA,01,2000,10,203563
USA,01,2000,11,196996
USA,01,2000,12,203563
USA,01,2001,1,205231
USA,01,2001,2,185370
USA,01,2001,3,205231
USA,01,2001,4,198610
USA,01,2001,5,205231
USA,01,2001,6,198610
USA,01,2001,7,205231
USA,01,2001,8,205231
USA,01,2001,9,198610
USA,01,2001,10,205231
USA,01,2001,11,198610
USA,01,2001,12,205231
USA,01,2002,1,207521
USA,01,2002,2,187438
USA,01,2002,3,207521
USA,01,2002,4,200826
USA,01,2002,5,207521
USA,01,2002,6,200826
USA,01,2002,7,207521
USA,01,2002,8,207521
USA,01,2002,9,200826
USA,01,2002,10,207521
USA,01,2002,11,200826
USA,01,2002,12,207521
USA,01,2003,1,207937
USA,01,2003,2,187814
USA,01,2003,3,207937
USA,01,2003,4,201229
USA,01,2003,5,207937
USA,01,2003,6,201229
USA,01,2003,7,207937
USA,01,2003,8,207937
USA,01,2003,9,201229
USA,01,2003,10,207937
USA,01,2003,11,201229
USA,01,2003,12,207937
USA,01,2004,1,203077
USA,01,2004,2,189975
USA,01,2004,3,203077
USA,01,2004,4,196526
USA,01,2004,5,203077
USA,01,2004,6,196526
USA,01,2004,7,203077
USA,01,2004,8,203077
USA,01,2004,9,196526
USA,01,2004,10,203077
USA,01,2004,11,196526
USA,01,2004,12,203077
USA,01,2005,1,207914
USA,01,2005,2,187793
USA,01,2005,3,207914
USA,01,2005,4,201207
USA,01,2005,5,207914
USA,01,2005,6,201207
USA,01,2005,7,207914
USA,01,2005,8,207914
USA,01,2005,9,201207
USA,01,2005,10,207914
USA,01,2005,11,201207
USA,01,2005,12,207914
USA,01,2006,1,206066
USA,01,2006,2,186124
USA,01,2006,3,206066
USA,01,2006,4,199419
USA,01,2006,5,206066
USA,01,2006,6,199419
USA,01,2006,7,206066
USA,01,2006,8,206066
USA,01,2006,9,199419
USA,01,2006,10,206066
USA,01,2006,11,199419
USA,01,2006,12,206066
USA,01,2007,1,205850
USA,01,2007,2,185929
USA,01,2007,3,205850
USA,01,2007,4,199209
USA,01,2007,5,205850
USA,01,2007,6,199209
USA,01,2007,7,205850
USA,01,2007,8,205850
USA,01,2007,9,199209
USA,01,2007,10,205850
USA,01,2007,11,199209
USA,01,2007,12,205850
USA,01,2008,1,209376
USA,01,2008,2,195868
USA,01,2008,3,209376
USA,01,2008,4,202622
USA,01,2008,5,209376
USA,01,2008,6,202622
USA,01,2008,7,209376
USA,01,2008,8,209376
USA,01,2008,9,202622
USA,01,2008,10,209376
USA,01,2008,11,202622
USA,01,2008,12,209376
USA,01,2009,1,206992
USA,01,2009,2,186960
USA,01,2009,3,206992
USA,01,2009,4,200315
USA,01,2009,5,206992
USA,01,2009,6,200315
USA,01,2009,7,206992
USA,01,2009,8,206992
USA,01,2009,9,200315
USA,01,2009,10,206992
USA,01,2009,11,200315
USA,01,2009,12,206992
USA,01,2010,1,209648
USA,01,2010,2,189359
USA,01,2010,3,209648
USA,01,2010,4,202885
USA,01,2010,5,209648
USA,01,2010,6,202885
USA,01,2010,7,209648
USA,01,2010,8,209648
USA,01,2010,9,202885
USA,01,2010,10,209648
USA,01,2010,11,202885
USA,01,2010,12,209648
USA,01,2011,1,213642
USA,01,2011,2,192967
USA,01,2011,3,213642
USA,01,2011,4,206750
USA,01,2011,5,213642
USA,01,2011,6,206750
USA,01,2011,7,213642
USA,01,2011,8,213642
USA,01,2011,9,206750
USA,01,2011,10,213642
USA,01,2011,11,206750
USA,01,2011,12,213642
USA,01,2012,1,215414
USA,01,2012,2,201517
USA,01,2012,3,215414
USA,01,2012,4,208465
USA,01,2012,5,215414
USA,01,2012,6,208465
USA,01,2012,7,215414
USA,01,2012,8,215414
USA,01,2012,9,208465
USA,01,2012,10,215414
USA,01,2012,11,208465
USA,01,2012,12,215414
USA,01,2013,1,220567
USA,01,2013,2,199221
USA,01,2013,3,220567
USA,01,2013,4,213451
USA,01,2013,5,220567
USA,01,2013,6,213451
USA,01,2013,7,220567
USA,01,2013,8,220567
USA,01,2013,9,213451
USA,01,2013,10,220567
USA,01,2013,11,213451
USA,01,2013,12,220567
USA,01,2014,1,223066
USA,01,2014,2,201479
USA,01,2014,3,223066
USA,01,2014,4,215870
USA,01,2014,5,223066
USA,01,2014,6,215870
USA,01,2014,7,223066
USA,01,2014,8,223066
USA,01,2014,9,215870
USA,01,2014,10,223066
USA,01,2014,11,215870
USA,01,2014,12,223066
USA,01,2015,1,230388
USA,01,2015,2,208092
USA,01,2015,3,230388
USA,01,2015,4,222956
USA,01,2015,5,230388
USA,01,2015,6,222956
USA,01,2015,7,230388
USA,01,2015,8,230388
USA,01,2015,9,222956
USA,01,2015,10,230388
USA,01,2015,11,222956
USA,01,2015,12,230388
USA,01,2016,1,232436
USA,01,2016,2,217440
USA,01,2016,3,232436
USA,01,2016,4,224938
USA,01,2016,5,232436
USA,01,2016,6,224938
USA,01,2016,7,232436
USA,01,2016,8,232436
USA,01,2016,9,224938
USA,01,2016,10,232436
USA,01,2016,11,224938
USA,01,2016,12,232436
USA,01,2017,1,238955
USA,01,2017,2,215830
USA,01,2017,3,238955
USA,01,2017,4,231247
USA,01,2017,5,238955
USA,01,2017,6,231247
USA,01,2017,7,238955
USA,01,2017,8,238955
USA,01,2017,9,231247
USA,01,2017,10,238955
USA,01,2017,11,231247
USA,01,2017,12,238955
USA,01,2018,1,241138
USA,01,2018,2,217802
USA,01,2018,3,241138
USA,01,2018,4,233359
USA,01,2018,5,241138
USA,01,2018,6,233359
USA,01,2018,7,241138
USA,01,2018,8,241138
USA,01,2018,9,233359
USA,01,2018,10,241138
USA,01,2018,11,233359
USA,01,2018,12,241138
USA,01,2019,1,242466
USA,01,2019,2,219001
USA,01,2019,3,242466
USA,01,2019,4,234644
USA,01,2019,5,242466
USA,01,2019,6,234644
USA,01,2019,7,242466
USA,01,2019,8,242466
USA,01,2019,9,234644
USA,01,2019,10,242466
USA,01,2019,11,234644
USA,01,2019,12,242466
USA,01,2020,1,286600
USA,01,2020,2,268110
USA,01,2020,3,286600
USA,01,2020,4,277355
USA,01,2020,5,286600
USA,01,2020,6,277355
USA,01,2020,7,286600
USA,01,2020,8,286600
USA,01,2020,9,277355
USA,01,2020,10,286600
USA,01,2020,11,277355
USA,01,2020,12,286600
USA,01,2021,1,294222
USA,01,2021,2,265749
USA,01,2021,3,294222
USA,01,2021,4,284731
USA,01,2021,5,294222
USA,01,2021,6,284731
USA,01,2021,7,294222
USA,01,2021,8,294222
USA,01,2021,9,284731
USA,01,2021,10,294222
USA,01,2021,11,284731
USA,01,2021,12,294222
USA,01,2022,1,278563
USA,01,2022,2,251605
USA,01,2022,3,278563
USA,01,2022,4,269577
USA,01,2022,5,278563
USA,01,2022,6,269577
USA,01,2022,7,278563
USA,01,2022,8,278563
USA,01,2022,9,269577
USA,01,2022,10,278563
USA,01,2022,11,269577
USA,01,2022,12,278563
USA,01,2023,1,262520
USA,01,2023,2,237115
USA,01,2023,3,262520
USA,01,2023,4,254052
USA,01,2023,5,262520
USA,01,2023,6,254052
USA,01,2023,7,262520
USA,01,2023,8,262520
USA,01,2023,9,254052
USA,01,2023,10,262520
USA,01,2023,11,254052
USA,01,2023,12,262520
USA,02,1933,1,113987
USA,02,1933,2,102956
USA,02,1933,3,113987
USA,02,1933,4,110310
USA,02,1933,5,113987
USA,02,1933,6,110310
USA,02,1933,7,113987
USA,02,1933,8,113987
USA,02,1933,9,110310
USA,02,1933,10,113987
USA,02,1933,11,110310
USA,02,1933,12,113987
USA,02,1934,1,118641
USA,02,1934,2,107160
USA,02,1934,3,118641
USA,02,1934,4,114814
USA,02,1934,5,118641
USA,02,1934,6,114814
USA,02,1934,7,118641
USA,02,1934,8,118641
USA,02,1934,9,114814
USA,02,1934,10,118641
USA,02,1934,11,114814
USA,02,1934,12,118641
USA,02,1935,1,118289
USA,02,1935,2,106841
USA,02,1935,3,118289
USA,02,1935,4,114473
USA,02,1935,5,118289
USA,02,1935,6,114473
USA,02,1935,7,118289
USA,02,1935,8,118289
USA,02,1935,9,114473
USA,02,1935,10,118289
USA,02,1935,11,114473
USA,02,1935,12,118289
USA,02,1936,1,125290
USA,02,1936,2,117207
USA,02,1936,3,125290
USA,02,1936,4,121248
USA,02,1936,5,125290
USA,02,1936,6,121248
USA,02,1936,7,125290
USA,02,1936,8,125290
USA,02,1936,9,121248
USA,02,1936,10,125290
USA,02,1936,11,121248
USA,02,1936,12,125290
USA,02,1937,1,123187
USA,02,1937,2,111266
USA,02,1937,3,123187
USA,02,1937,4,119213
USA,02,1937,5,123187
USA,02,1937,6,119213
USA,02,1937,7,123187
USA,02,1937,8,123187
USA,02,1937,9,119213
USA,02,1937,10,123187
USA,02,1937,11,119213
USA,02,1937,12,123187
USA,02,1938,1,117324
USA,02,1938,2,105970
USA,02,1938,3,117324
USA,02,1938,4,113539
USA,02,1938,5,117324
USA,02,1938,6,113539
USA,02,1938,7,117324
USA,02,1938,8,117324
USA,02,1938,9,113539
USA,02,1938,10,117324
USA,02,1938,11,113539
USA,02,1938,12,117324
USA,02,1939,1,117876
USA,02,1939,2,106469
USA,02,1939,3,117876
USA,02,1939,4,114074
USA,02,1939,5,117876
USA,02,1939,6,114074
USA,02,1939,7,117876
USA,02,1939,8,117876
USA,02,1939,9,114074
USA,02,1939,10,117876
USA,02,1939,11,114074
USA,02,1939,12,117876
USA,02,1940,1,120042
USA,02,1940,2,112297
USA,02,1940,3,120042
USA,02,1940,4,116170
USA,02,1940,5,120042
USA,02,1940,6,116170
USA,02,1940,7,120042
USA,02,1940,8,120042
USA,02,1940,9,116170
USA,02,1940,10,120042
USA,02,1940,11,116170
USA,02,1940,12,120042
USA,02,1941,1,118704
USA,02,1941,2,107216
USA,02,1941,3,118704
USA,02,1941,4,114875
USA,02,1941,5,118704
USA,02,1941,6,114875
USA,02,1941,7,118704
USA,02,1941,8,118704
USA,02,1941,9,114875
USA,02,1941,10,118704
USA,02,1941,11,114875
USA,02,1941,12,118704
USA,02,1942,1,117646
USA,02,1942,2,106261
USA,02,1942,3,117646
USA,02,1942,4,113851
USA,02,1942,5,117646
USA,02,1942,6,113851
USA,02,1942,7,117646
USA,02,1942,8,117646
USA,02,1942,9,113851
USA,02,1942,10,117646
USA,02,1942,11,113851
USA,02,1942,12,117646
USA,02,1943,1,123961
USA,02,1943,2,111965
USA,02,1943,3,123961
USA,02,1943,4,119963
USA,02,1943,5,123961
USA,02,1943,6,119963
USA,02,1943,7,123961
USA,02,1943,8,123961
USA,02,1943,9,119963
USA,02,1943,10,123961
USA,02,1943,11,119963
USA,02,1943,12,123961
USA,02,1944,1,119540
USA,02,1944,2,111827
USA,02,1944,3,119540
USA,02,1944,4,115683
USA,02,1944,5,119540
USA,02,1944,6,115683
USA,02,1944,7,119540
USA,02,1944,8,119540
USA,02,1944,9,115683
USA,02,1944,10,119540
USA,02,1944,11,115683
USA,02,1944,12,119540
USA,02,1945,1,119050
USA,02,1945,2,107529
USA,02,1945,3,119050
USA,02,1945,4,115210
USA,02,1945,5,119050
USA,02,1945,6,115210
USA,02,1945,7,119050
USA,02,1945,8,119050
USA,02,1945,9,115210
USA,02,1945,10,119050
USA,02,1945,11,115210
USA,02,1945,12,119050
USA,02,1946,1,118532
USA,02,1946,2,107061
USA,02,1946,3,118532
USA,02,1946,4,114708
USA,02,1946,5,118532
USA,02,1946,6,114708
USA,02,1946,7,118532
USA,02,1946,8,118532
USA,02,1946,9,114708
USA,02,1946,10,118532
USA,02,1946,11,114708
USA,02,1946,12,118532
USA,02,1947,1,122757
USA,02,1947,2,110878
USA,02,1947,3,122757
USA,02,1947,4,118798
USA,02,1947,5,122757
USA,02,1947,6,118798
USA,02,1947,7,122757
USA,02,1947,8,122757
USA,02,1947,9,118798
USA,02,1947,10,122757
USA,02,1947,11,118798
USA,02,1947,12,122757
USA,02,1948,1,122335
USA,02,1948,2,114442
USA,02,1948,3,122335
USA,02,1948,4,118388
USA,02,1948,5,122335
USA,02,1948,6,118388
USA,02,1948,7,122335
USA,02,1948,8,122335
USA,02,1948,9,118388
USA,02,1948,10,122335
USA,02,1948,11,118388
USA,02,1948,12,122335
USA,02,1949,1,122608
USA,02,1949,2,110742
USA,02,1949,3,122608
USA,02,1949,4,118653
USA,02,1949,5,122608
USA,02,1949,6,118653
USA,02,1949,7,122608
USA,02,1949,8,122608
USA,02,1949,9,118653
USA,02,1949,10,122608
USA,02,1949,11,118653
USA,02,1949,12,122608
USA,02,1950,1,123359
USA,02,1950,2,111421
USA,02,1950,3,123359
USA,02,1950,4,119380
USA,02,1950,5,123359
USA,02,1950,6,119380
USA,02,1950,7,123359
USA,02,1950,8,123359
USA,02,1950,9,119380
USA,02,1950,10,123359
USA,02,1950,11,119380
USA,02,1950,12,123359
USA,02,1951,1,125877
USA,02,1951,2,113695
USA,02,1951,3,125877
USA,02,1951,4,121816
USA,02,1951,5,125877
USA,02,1951,6,121816
USA,02,1951,7,125877
USA,02,1951,8,125877
USA,02,1951,9,121816
USA,02,1951,10,125877
USA,02,1951,11,121816
USA,02,1951,12,125877
USA,02,1952,1,126781
USA,02,1952,2,118602
USA,02,1952,3,126781
USA,02,1952,4,122692
USA,02,1952,5,126781
USA,02,1952,6,122692
USA,02,1952,7,126781
USA,02,1952,8,126781
USA,02,1952,9,122692
USA,02,1952,10,126781
USA,02,1952,11,122692
USA,02,1952,12,126781
USA,02,1953,1,128887
USA,02,1953,2,116414
USA,02,1953,3,128887
USA,02,1953,4,124729
USA,02,1953,5,128887
USA,02,1953,6,124729
USA,02,1953,7,128887
USA,02,1953,8,128887
USA,02,1953,9,124729
USA,02,1953,10,128887
USA,02,1953,11,124729
USA,02,1953,12,128887
USA,02,1954,1,125791
USA,02,1954,2,113618
USA,02,1954,3,125791
USA,02,1954,4,121734
USA,02,1954,5,125791
USA,02,1954,6,121734
USA,02,1954,7,125791
USA,02,1954,8,125791
USA,02,1954,9,121734
USA,02,1954,10,125791
USA,02,1954,11,121734
USA,02,1954,12,125791
USA,02,1955,1,129836
USA,02,1955,2,117271
USA,02,1955,3,129836
USA,02,1955,4,125648
USA,02,1955,5,129836
USA,02,1955,6,125648
USA,02,1955,7,129836
USA,02,1955,8,129836
USA,02,1955,9,125648
USA,02,1955,10,129836
USA,02,1955,11,125648
USA,02,1955,12,129836
USA,02,1956,1,132510
USA,02,1956,2,123961
USA,02,1956,3,132510
USA,02,1956,4,128236
USA,02,1956,5,132510
USA,02,1956,6,128236
USA,02,1956,7,132510
USA,02,1956,8,132510
USA,02,1956,9,128236
USA,02,1956,10,132510
USA,02,1956,11,128236
USA,02,1956,12,132510
USA,02,1957,1,138704
USA,02,1957,2,125281
USA,02,1957,3,138704
USA,02,1957,4,134230
USA,02,1957,5,138704
USA,02,1957,6,134230
USA,02,1957,7,138704
USA,02,1957,8,138704
USA,02,1957,9,134230
USA,02,1957,10,138704
USA,02,1957,11,134230
USA,02,1957,12,138704
USA,02,1958,1,139803
USA,02,1958,2,126273
USA,02,1958,3,139803
USA,02,1958,4,135293
USA,02,1958,5,139803
USA,02,1958,6,135293
USA,02,1958,7,139803
USA,02,1958,8,139803
USA,02,1958,9,135293
USA,02,1958,10,139803
USA,02,1958,11,135293
USA,02,1958,12,139803
